11.255524
18.674997
52.701977
3.91502
3.3323834
9.524449
23.832539
199.64261
3.8862817
258.0416
85.466194
121.58587
84.423096
46.130142
68.94166
83.375496
58.99643
186.40799
4.126604
9.6286335
28.28555
8.144214
1192.3463
3.5798464
103.02635
26.768623
11.64077
7.868958
9.071635
9.582114
5.169946
36.627407
44.61112
5.330563
105.264595
16.92802
3.378733
12.964933
37.241333
75.925064
163.56071
53.03724
49.137897
4.954644
636.70215
17.14127
5.4608274
3.5638916
7.7270794
3.9421384
218.07207
17.246433
3.314984
11.460741
3.7158782
53.713276
8.490928
7.4658747
268.8246
8.704693
9.404471
572.4193
159.48415
67.37581
15.308473
165.74345
5.679118
253.30484
10.875049
2.9962027
6.7886314
29.8632
1192.3054
3.6915379
62.937004
11.866273
2015.2153
94.897415
369.34998
12.640224
1612.1652
18.943392
5.099735
62.144928
124.7922
13.23124
311.49695
53.613903
3.8141806
8.879868
264.12943
315.3915
63.906433
16.737299
411.90063
1795.7625
10.644933
16.019268
68.71794
331.09262
26.473953
176.8888
62.239094
4.2258
16.400747
5.100351
40.825542
10.080973
5.339612
5.8697596
12.393129
10.622874
3.4873178
13.462201
416.38892
54.426693
109.31445
14.508849
24.699162
3.2321084
10.355873
4.8717165
702.2218
15.592501
7.5798736
46.36621
17.007029
911.4389
7.4448857
77.2653
577.70526
657.72656
7.694782
16.813175
53.494278
9.48935
3.627819
8.657275
145.42122
12.671874
30.456234
180.15471
5.91651
9023.872
77.65799
5.40491
100.19537
33.3512
968.23206
9.652482
798.9255
28.907112
30.554516
3.609845
12.501469
486.25378
11.343486
5.006756
11.316014
8.166895
12.972434
28.97773
7.4070106
239.77625
127.019745
24.673134
3.1238034
3.630169
2315.076
8.82522
131.30257
14.256374
20.248137
11.070683
114.92163
97.151344
7.662283
28.444273
8.210861
25.449047
44.59344
5.868368
198.39761
2.9841752
45.53005
70.03907
208.48778
9.925178
22.40592
91.03996
105.87903
1378.7747
7.5848427
7.386488
49.87924
6.2353463
3.796552
16.742537
120.18707
57.15157
26.43059
7.9657373
33.73595
15.242234
15.304054
2.9349215
3.5474138
6.7735124
3288.91
28.059345
53.56069
31.23911
52.02845
214.64832
2.6035392
18.70745
4.1237407
1022.4138
18.489319
95.8163
17.044477
7.118252
25.485668
5.7463346
22.82228
1500.1305
8.588799
5.357816
7638.187
48.88609
10.006035
117.92131
11.946043
8.654618
12.323985
282.07172
44.73723
101.783066
4.863869
10.738991
3.4045436
1083.8209
1116.9734
13.882753
5.4638534
8.055821
1197.7738
5.9965196
75.83668
173.06721
556.6467
18.255163
4.198738
4.2454863
74.654396
16.696133
811.5558
10.890597
9.304477
7.7629356
11.62149
7.3604956
27.710852
8.089918
7.5427537
1595.674
3.6464987
48.264927
12.39269
69.95763
7.719014
7.257253
185.33664
20.061527
3.279246
