40.015167
58.82365
75.29746
14.85162
11.285475
38.792255
59.728138
462.78793
13.3843975
472.1269
316.22342
190.88277
119.56418
66.92619
91.4131
136.40678
57.26808
584.321
14.194604
35.99606
93.651436
11.082188
2077.7146
13.3765745
179.03387
101.86468
15.351703
28.908281
27.638165
13.217615
18.685326
75.33452
126.931694
12.817335
201.96815
40.138283
10.478402
45.540047
127.89858
149.84262
316.1287
73.793816
76.31107
19.13805
1380.1896
65.73983
11.256924
12.069278
10.387306
10.93816
561.49445
64.83747
11.326177
16.552254
13.353131
161.79376
16.383137
26.878658
394.97937
32.730442
33.285896
978.9389
411.44415
234.74402
20.85014
223.66829
13.767434
441.0836
17.081415
12.002781
26.917141
47.779648
1793.4744
13.995376
220.58176
50.39811
4083.7327
326.06854
606.9776
20.71718
3405.6265
68.03672
19.10987
95.87902
313.8742
21.92795
500.01663
88.03015
14.843527
31.392859
475.9613
454.90448
100.44279
54.572067
633.9411
3621.0273
37.317795
53.52942
93.95695
537.3455
35.23006
300.8032
239.39142
10.549472
62.392506
18.83224
131.06578
31.75765
14.463216
15.551989
37.821693
11.150192
12.040978
39.279453
648.4976
158.8489
159.54535
30.372099
38.173206
13.250366
17.258795
19.866383
1238.6417
57.73926
20.714844
36.69586
57.333855
1400.5247
28.365402
127.52789
832.5092
1155.016
23.103357
54.18811
69.80395
22.59627
12.807379
14.133943
307.32654
27.660656
53.174007
563.9725
19.260164
13544.621
134.68527
17.276424
170.26256
47.46136
1464.0017
15.573499
1143.7936
39.77222
66.38187
14.763825
47.09002
1538.0796
19.242992
18.859377
15.264087
27.522963
37.564613
45.493176
28.365452
319.89297
192.79161
34.337086
11.427363
13.08028
2047.0546
30.84248
239.31735
31.200422
47.158
14.301342
350.05978
209.73967
26.939959
63.89539
10.955335
42.25016
75.33529
22.645908
466.48978
10.881547
74.62046
123.48561
304.58017
18.32424
33.808033
197.16608
139.41139
2127.5037
10.14746
24.659012
66.76985
10.607165
15.980066
59.51641
283.55426
199.1171
40.75499
31.519548
109.81407
52.732933
20.883488
11.681314
11.089282
25.662447
3575.925
36.461784
198.9109
56.070156
104.475914
390.69434
10.03193
25.716198
14.672691
1619.361
52.303143
174.60258
35.949963
22.58199
62.20209
22.64333
61.63566
2246.7083
26.286024
21.995178
8329.471
70.56653
13.546523
223.19312
13.712948
23.399582
44.058815
501.1437
192.56212
181.66327
17.197443
24.934134
12.299441
2272.4426
1725.6665
55.766308
19.62548
12.314889
1832.7842
10.3202915
126.70045
262.95132
790.8809
24.471998
11.316107
15.1600275
223.3754
20.370035
1211.5563
18.064024
31.818708
14.384484
26.214336
30.180756
106.75924
28.19274
11.657846
2736.6355
12.476306
66.671844
43.87341
244.86955
26.056538
28.371489
273.7246
21.078085
12.879438
