126.04243
117.68069
83.665344
101.1836
23.202562
159.43831
107.97413
709.25323
43.619602
600.32025
1281.5275
233.27983
135.52617
75.04362
99.772156
167.30373
54.45782
1081.233
29.266958
122.226715
222.3367
11.958435
2113.1714
37.378933
220.45078
499.19846
16.564754
82.01245
53.47692
14.184209
105.61272
101.81709
228.17458
20.90377
278.3614
60.790142
19.865164
198.96848
494.64572
211.23698
414.32062
81.92854
89.124504
118.62619
1972.9918
197.43968
16.325586
33.50591
11.061288
17.511532
986.7394
267.9137
49.336906
18.315752
44.693447
295.0634
22.780739
153.756
452.0005
123.63843
98.95542
1161.6355
674.86597
643.3932
22.081768
243.25394
22.347988
538.15234
19.690722
86.90304
182.85988
59.559135
2042.1033
56.78436
609.38763
284.84885
5724.419
1331.3059
719.85876
25.90483
4461.2446
189.0873
61.723644
119.09138
516.33936
26.881546
602.5404
110.938965
118.551994
76.68001
609.90814
509.44504
116.13896
112.6592
729.90784
4695.1724
154.81032
146.54234
104.31439
621.4395
38.02759
367.66574
959.5462
17.177582
217.3723
64.3279
252.84346
63.64778
24.63401
26.87811
74.720314
14.592962
34.68461
70.79127
751.7863
313.19696
179.49847
45.47416
46.018654
109.169754
20.204103
98.30505
1614.7357
293.7207
35.355183
44.869926
162.96915
1605.1206
97.17634
161.49986
917.4302
1434.2201
42.330307
112.14752
72.88742
32.42849
45.8599
17.063602
412.09146
41.674805
69.81895
1199.387
38.89218
18189.836
172.78546
36.181393
210.16833
50.644257
1678.5527
18.938572
1225.8175
43.459988
100.3869
97.970604
168.66656
2406.3928
24.64249
69.54214
16.280586
62.294163
66.655556
54.3847
126.02276
347.61978
219.32735
38.028393
33.921288
45.256584
1953.0039
134.52507
303.36053
48.254055
68.96538
15.067242
671.83575
296.2957
101.66184
93.73241
12.578941
53.63226
92.287254
84.08892
711.78766
39.68456
89.33238
161.56438
341.88742
25.044853
41.074642
279.91022
139.09793
2461.8958
11.091907
53.688423
69.50169
13.745736
124.67535
333.70776
430.12006
539.3453
48.24194
145.9636
212.60036
118.38848
22.75326
72.78512
21.051945
142.07744
3641.4314
38.325314
622.33276
74.61187
144.01845
525.3088
57.705566
28.160519
34.807514
1752.3097
92.33474
222.78159
53.12527
54.338554
95.877174
145.18301
104.76228
2554.0642
49.590748
120.89703
11467.198
78.535416
14.830706
292.56277
17.364788
39.161507
103.32141
607.20593
1916.55
230.77704
68.483345
37.574844
34.81292
3434.76
2336.5425
423.19934
121.57209
19.893091
2215.453
13.26347
156.04607
304.3646
879.05865
26.377405
18.589148
44.436768
392.49625
25.280819
1271.1763
23.158648
106.17838
20.194452
38.215958
182.686
483.55276
78.57739
13.996888
2679.2063
51.146458
73.015656
108.709335
550.828
67.94132
134.01044
311.69144
24.58658
76.93286
