79.7236
62.091187
19.92805
77.14434
11.52308
105.83735
109.92342
226.66348
25.554426
198.36044
826.15656
68.999596
56.19278
25.215698
22.971703
51.38727
169.57199
555.57965
14.197409
75.16787
122.10143
1.7883604
738.8223
20.171034
68.456535
347.30582
3.5542624
45.42994
28.211163
2.421946
66.8736
38.187134
112.97734
7.773729
104.87235
24.894945
9.322851
118.03009
301.25534
78.65882
148.12166
23.079582
24.078585
94.928154
759.6479
116.14754
4.349747
17.834671
2.8443239
9.177492
484.4017
178.42668
29.76846
3.2064683
26.700642
148.12593
7.8780384
110.60046
121.756035
92.65531
57.95246
385.4894
292.12164
355.02637
4.6985536
57.957424
7.4476886
167.08716
3.9518073
75.82714
112.39045
18.561487
565.57916
34.814396
365.6929
230.22371
3194.94
806.5445
210.4742
9.273159
1994.202
112.45996
36.086025
71.43166
241.42722
6.4141016
175.85104
35.13639
86.30453
44.826538
207.98065
130.11725
31.061039
60.21815
203.07182
2874.5781
95.74685
86.32911
26.12432
176.79578
8.576871
116.667274
606.855
7.300611
136.67052
39.661457
136.82608
32.34446
9.632369
11.544813
40.05664
15.772784
17.940542
35.774574
210.9669
144.24637
46.44715
17.469374
14.684259
92.21283
62.290874
67.37164
558.5572
214.01126
16.556953
27.003454
94.06596
475.83844
60.75909
52.56822
242.93904
482.9958
23.129631
60.221027
15.429387
15.090764
28.606962
5.088894
153.57133
24.377901
22.33928
696.9958
18.653322
7059.322
59.700214
19.037476
63.776035
12.618605
464.46457
4.4720917
363.304
10.955569
42.102036
70.55871
103.707275
3144.026
7.1664557
42.54817
4.251317
33.592075
32.28123
14.837212
76.38402
84.911674
61.930847
9.492248
16.22733
26.460016
326.86676
80.55818
104.346306
20.170938
14.793294
2.7198133
357.1072
120.6379
56.041817
39.791187
1.1015807
17.210934
27.924767
54.09979
310.92926
22.455385
25.428537
57.554497
90.36504
5.664978
11.042067
110.60974
28.518658
1116.8651
7.2907133
29.618956
14.787753
3.8977675
100.27721
217.46156
189.27286
311.95526
12.928283
95.3379
112.50792
65.31084
4.5477524
51.48632
9.889313
104.52884
1706.0485
9.716505
390.18042
24.89332
52.13976
192.10443
37.954357
7.06364
17.465746
567.0104
43.028282
75.2717
20.712856
30.241234
41.49904
106.171776
48.526356
695.56915
23.185574
84.87834
8474.333
21.678709
3.5598917
102.97777
23.846302
19.062424
61.23468
188.41818
1728.5168
75.40421
38.444252
15.0306425
18.94064
1560.9948
610.26135
334.18918
79.092026
36.1326
663.07227
3.3480666
47.024456
86.07641
224.2317
5.5895715
7.959645
22.438536
195.97551
27.646152
358.0662
6.070518
59.471848
19.69736
15.164967
134.25389
315.33383
44.0296
3.0150497
1354.9727
28.279064
17.684523
62.368443
317.35745
36.85697
90.770874
82.65253
35.68324
57.840336
