503.13077
22.765657
18.207737
97.48116
90.93159
35.49078
18.309757
668.6317
16.16811
1186.0593
53.599586
309.0075
103.56523
21.901537
59.061584
291.9925
105.56511
91.45769
46.683014
9790.008
16.84989
28.21428
524.7892
31.822098
2158.222
16.327255
103.37582
64.473236
8.354068
5.389359
10.666413
1864.8236
2.369738
9.948117
9.3650465
597.6138
27.364977
22.618738
436.20776
8.686037
389.15433
133.14003
21.042522
4.386755
389.34738
7.365065
22.89271
59.642014
336.48386
1204.5385
149.70734
36.05934
2.413926
13.378403
33.729855
98.510506
11179.277
33.828552
31.281168
49.192543
255.2559
211.89494
204.83624
103.29517
11343.016
7.1988473
2.206475
19.145414
5.2703304
17.465746
5338.5713
125.129295
38.338528
8.865443
8.677741
78.327896
235.26396
36.347637
150.83678
16.186026
11827.85
2.7649665
23.957788
8.314527
327.61514
3.7149453
174.0857
1554.0157
198.0809
269.7326
301.09802
5506.642
17388.875
274.4289
10.458679
122.52947
35.709106
97.86749
28.934464
2.9572732
6.4349737
18.668003
3.9395773
3.1935508
40.616714
2.4730647
16.764874
179.04608
3.9739053
39.35956
1402.4281
61.17277
28.501537
39.166523
31.348541
15.22217
908.9254
353.84412
326.3785
3.1724513
0.74887645
7.238042
1533.7249
169.74515
28.413641
46.863533
152.04167
63.006077
13.046346
144.18265
61.483624
1865.4565
30.323103
85.54582
22.405748
38.059258
5.173764
139.96407
7.8155594
85.54249
9.808899
297.60428
30.19299
48.002865
57.370686
4.3832707
19.776833
1239.0267
25.816355
10.305061
22.574
742.7997
190.61757
14.153135
52.205635
231.66162
641.81885
4475.5596
6470.571
4.0433865
5.627658
9.83532
250.25797
29.168661
3.7251546
35.765316
140.95691
70.49472
31.25028
333.2874
1342.8142
7.442813
301.41937
533.7277
2.4730647
53.31967
800.24243
12.506654
49.83802
5.659953
35.081158
52.87895
34.06267
105.18371
19.80731
6.167256
46.851006
49.802063
-194.52257
84.593544
728.73535
53.014454
21.259546
32.973083
17.75795
327.90054
437.96335
47.48848
12.7604
3.0161767
406.5058
483.94785
27.221958
23.229933
161.31737
23.751532
3083.4849
167.4388
52.982594
138.47807
91.54224
114.056694
32.245068
499.47717
59.084637
14.205508
37.01183
670.0681
44.065407
19.08857
55.896053
29.736155
6.89673
21.623594
28.126799
220.22824
49.62071
5.158291
6.059946
2.2433636
55.252377
1.5304073
266.2113
12.408898
22.336613
110.43903
47.529003
34.201954
4.369245
17.76191
2470.4048
75.06064
518.6388
13.462649
78.37178
6.8935513
2214.1782
24.134525
22.211689
142.13963
943.36945
64.634125
87.24277
2503.8801
3438.829
54.044758
6.8902087
1.614479
62.283157
17.50074
62.476055
10.91024
459.78195
5.4581065
36.058113
115.88405
56.561855
55.64498
5.3316307
136.1209
156.51132
99.972404
64.193085
46.356632
