1190.9504
8.399915
8.729768
127.79889
128.69077
29.338865
5.372233
1160.413
3.2397933
38.68219
144.33
315.4026
27.186813
2.5318472
33.584568
27.20079
34.88929
56.169643
9.698346
7268.321
3.6232708
5.8802786
92.351585
9.879743
929.2556
40.359943
15.443316
59.552303
17.183378
14.889402
16.375551
189.55635
7.945768
7.6616273
3.3835902
69.85146
75.87102
6.7491083
323.90417
26.517614
187.22188
86.12779
5.7606015
11.751087
173.20067
20.336687
43.65663
5.540085
336.95337
195.38696
304.42282
4.666956
7.9652567
21.254944
4.697272
187.58769
2033.4138
3.3294623
28.141783
6.902464
312.88412
48.847637
313.8775
209.96214
722.8114
4.6178246
11.211961
6.6561956
14.974043
4.1237407
6459.711
9.822661
46.20102
4.1583843
6.576925
166.27895
15.33345
3.5848904
56.134106
3.418703
7869.179
8.541992
42.27541
10.251814
792.58887
12.454842
368.37006
2352.2856
256.35925
52.65146
114.11043
1888.8185
4083.9167
57.11015
26.82264
78.14105
3.694486
7.2244816
37.144245
8.923031
18.233528
5.00898
11.550674
9.879577
7.773423
11.056234
13.639713
18.934355
7.437938
5.702534
1557.5914
24.20547
16.658026
5.423605
4.663792
24.062502
961.50446
130.32957
509.5838
7.327579
8.491426
11.83189
223.37343
61.253124
3.1096988
3.9872127
31.961098
24.080544
27.55652
9.797383
8.604486
2314.3916
3.2916038
97.3039
74.34741
4.1148806
11.806206
3.3826463
32.518723
7.0808206
24.737875
70.19699
29.638939
3.3489375
8.441971
11.632205
8.768971
319.69858
4.0441957
16.006157
11.255045
82.50765
4.8201942
46.56592
102.2432
27.782047
58.98286
2087.2407
14831.641
7.431023
19.788311
15.958469
619.2252
42.228886
9.683933
2.7592611
17.948246
3.6378841
13.419667
764.9968
2146.174
18.079199
291.6738
1244.9575
11.056234
7.4965396
322.37225
4.468219
50.749622
7.156261
16.87931
7.564822
41.314674
162.83386
3.0835595
17.761982
17.237522
10.015311
3.0864255
58.234344
1701.9233
10.464427
2.739735
5.6938806
13.682815
145.71368
906.1093
10.5549965
31.881899
7.5768538
25.684
232.25522
2.8637152
21.949623
27.332935
13.091587
2205.5984
288.59393
109.020386
335.28876
139.65419
13.116935
11.431694
1080.5667
45.94074
6.389814
4.458757
74.807655
93.55171
3.2005112
102.87882
37.556107
5.3062363
45.82713
6.7375813
290.81763
7.0653973
16.538826
12.846467
7.583033
93.2771
9.291251
8.791616
26.863104
34.620426
155.71133
3.836467
3.0389242
12.878483
8.353003
2401.8535
145.42014
36.05689
14.766262
80.16223
17.983475
397.0402
29.696987
33.062588
6.982485
2220.605
49.89532
12.162269
285.93134
5318.915
3.8822792
9.992168
10.563427
3.3382187
4.1673417
111.089714
5.2429
406.2757
10.523501
2.762285
109.22097
15.188386
118.82969
10.334468
163.3619
4.741271
61.53551
23.398277
108.87202
