1865.7643
44.944283
37.751106
287.40085
280.57675
88.82309
34.74544
1817.9675
30.054173
1289.7783
217.0646
842.6957
189.86249
35.377052
133.9248
436.09894
198.2506
207.00739
86.728386
15096.752
29.195885
40.494804
874.32404
13.141396
3475.7734
67.28139
174.92561
162.72964
29.190983
23.912838
36.856373
2217.305
11.304716
27.04621
19.642132
901.87317
110.5526
41.401356
1060.0875
38.534714
825.45654
313.20828
32.34382
18.667973
802.3872
28.936232
80.762344
92.71057
909.6107
1925.097
545.90027
60.949936
10.913441
45.52426
57.600815
339.46234
11723.706
58.68031
79.7819
90.59425
747.7236
374.587
647.31995
366.68472
2726.9414
19.293886
15.976548
36.413105
21.683529
34.807514
9071.021
180.02228
111.821266
20.195381
18.265282
296.00992
326.92462
58.300457
302.15692
29.043303
8555.374
12.341394
83.7957
23.185892
1233.3207
16.65884
631.8492
4353.809
557.88586
462.69513
601.8996
9153.59
8052.964
470.0748
38.49975
277.95612
56.64019
147.62239
86.16646
12.712892
27.823273
33.65945
17.986574
13.925155
72.984314
12.208875
44.008083
285.6521
16.181438
70.08444
1353.2798
126.115425
59.244328
69.633354
52.245945
48.437065
2335.1736
718.1088
1030.4279
12.870874
12.405272
29.058117
2032.7397
333.16092
39.93994
69.0347
269.2748
126.36098
48.82539
203.06802
89.72227
4468.199
48.750675
241.76776
98.39582
62.541073
16.084661
160.50847
42.78429
127.13726
40.03215
528.76105
84.47696
67.73373
96.86002
18.509481
42.532097
1605.5715
41.58066
35.365795
14.23884
1113.4967
204.25867
65.852234
182.86966
365.34738
953.5192
4145.525
14402.621
13.97527
29.267525
34.068913
898.7022
93.49415
14.309563
52.011684
220.66327
86.423004
15.263381
1239.1099
3595.2737
32.169346
735.228
1832.1957
12.208875
84.13664
1647.4299
23.488743
132.49275
18.102085
75.36302
87.50536
103.3616
327.5919
35.83918
25.454788
91.70434
88.04797
0.0
184.32144
2135.1167
93.20775
38.33298
56.927216
43.92307
676.56683
1518.2697
85.84609
53.01169
13.086533
554.51886
939.4191
45.282295
58.860603
271.04343
17.358383
10118.71
561.4791
192.68823
520.14026
286.21185
199.31511
12.157319
1771.2129
146.05887
32.303463
61.840687
962.95325
157.37985
33.49019
192.34789
81.38526
19.609905
80.35348
52.318718
667.6234
82.01459
25.460518
23.324394
14.180758
195.5883
17.774725
302.86365
41.168972
71.12062
326.1027
72.1184
54.206783
18.833364
16.314222
2833.3096
252.994
623.1914
36.060062
211.6643
29.11563
2517.6042
72.477
70.169815
188.1902
2440.0112
156.27614
147.89333
2631.9028
7288.99
81.16118
23.180864
13.002346
82.82549
33.5513
218.78357
21.937654
1171.3147
15.052501
52.834137
302.5814
103.2903
206.3629
20.266403
392.21237
179.5425
225.20798
126.3624
171.9206
