1709.7964
24.918415
23.413254
218.29366
227.09813
62.193634
17.477676
2059.2935
11.735434
168.12639
199.49191
645.8203
88.783966
10.08149
84.980736
102.383026
103.2177
137.99405
32.84319
15428.1455
12.287745
18.557343
345.70755
14.813106
1669.4512
59.794018
58.27533
114.04771
25.541048
22.049694
29.621603
696.989
10.781619
18.294834
10.516078
257.9599
102.306015
20.613308
744.08014
36.076557
505.83136
212.8261
17.93148
16.742153
491.0203
27.36004
69.54937
21.683344
677.8799
733.95447
479.63406
16.320309
10.455831
35.614124
16.95492
282.94275
5929.7744
12.425787
58.19502
24.794771
590.1113
163.06284
534.0819
322.88025
3913.265
11.748492
15.176947
19.922556
20.376581
14.672691
2828.3997
36.35057
87.15179
11.585104
13.438248
253.59267
57.545242
13.93552
168.7222
11.528062
26901.791
11.674275
70.360405
18.082325
1143.8141
15.923481
554.49915
3377.6716
442.57
189.99019
343.2495
14395.721
13230.329
200.28357
35.57033
185.34805
13.98624
26.903023
65.9773
12.086906
25.834913
16.21603
16.180002
13.1426525
27.043896
12.821371
29.286522
71.91631
13.064022
20.700504
1007.6142
70.62246
39.44314
18.93692
18.084225
38.83085
1962.8215
406.12433
872.1564
11.146171
11.623119
22.10075
831.62573
187.32039
10.826662
14.856931
114.10998
71.09376
41.584175
37.16996
31.89312
3686.3184
11.736157
184.45471
95.33464
16.012276
15.513039
15.242021
41.581314
27.126682
35.576153
232.57768
60.620438
12.74619
29.08999
16.792997
24.48117
1017.7325
13.911583
27.56459
14.668252
299.1807
20.636253
62.58122
158.84789
106.46523
230.13705
6157.7373
15645.439
11.876864
27.161732
27.1422
903.99207
76.154755
13.346819
10.026646
66.63894
13.805809
18.175745
1126.5787
1894.3226
27.284452
542.5529
1806.9335
12.821371
26.23217
966.3191
12.936233
95.61453
13.414835
45.766632
26.965172
79.19862
263.64194
11.83632
24.081245
48.88496
34.159443
28.562006
130.37361
2399.5513
36.25389
10.037125
21.248495
30.201311
411.30273
1028.8406
36.47656
46.686245
11.576353
96.56645
625.54144
11.028232
43.384853
100.99134
16.327112
5835.2007
472.49576
166.73189
475.70425
232.08131
46.050415
12.444694
1558.5381
101.078606
18.176086
16.150517
285.86545
137.575
11.89271
163.01775
63.74921
12.621312
68.97707
22.636526
522.29224
26.158737
23.390718
19.678736
11.901817
155.6936
14.839403
37.780716
37.822266
57.371857
266.11533
14.972624
11.561676
17.307554
10.180467
4684.308
223.44221
134.82144
27.02829
154.87112
26.421658
1390.5708
54.320942
55.00371
26.680546
2840.23
108.68142
45.25674
1033.043
5538.9663
14.881896
17.5251
12.9561825
13.877697
14.064414
181.98018
13.229375
853.98865
14.246611
10.833844
221.86243
50.191017
184.42181
16.876394
301.53494
19.727291
147.12761
67.95812
156.1285
